{
 "cells": [
  {
   "cell_type": "code",
   "execution_count": 1,
   "id": "9de64c0d-889e-483d-9921-25cbe60cedf4",
   "metadata": {},
   "outputs": [],
   "source": [
    "# path\n",
    "import os\n",
    "\n",
    "# Visualizaciones \n",
    "import plotly.express as px\n",
    "\n",
    "# manejo de datos\n",
    "import pandas as pd\n",
    "import numpy as np\n",
    "\n",
    "# Modelado\n",
    "from sklearn.model_selection import train_test_split\n",
    "from sklearn.linear_model import LogisticRegression\n",
    "from sklearn.metrics import confusion_matrix, classification_report\n",
    "from sklearn.preprocessing import StandardScaler"
   ]
  },
  {
   "cell_type": "markdown",
   "id": "c0bdf785",
   "metadata": {},
   "source": [
    "## Lectura de DF"
   ]
  },
  {
   "cell_type": "code",
   "execution_count": 2,
   "id": "ddef4e47-253e-427f-b3c5-0f3f6cdacbac",
   "metadata": {},
   "outputs": [],
   "source": [
    "# Cambiar directorio\n",
    "os.chdir(\"..\")"
   ]
  },
  {
   "cell_type": "code",
   "execution_count": 3,
   "id": "45a2377a-c148-44d4-b936-800d57362bcb",
   "metadata": {},
   "outputs": [],
   "source": [
    "# Cargar los datos que tenemos disponibles\n",
    "data: pd.DataFrame = pd.read_csv(\"data/churn.csv\")\n"
   ]
  },
  {
   "cell_type": "markdown",
   "id": "2dbdf2db",
   "metadata": {},
   "source": [
    "## EDA"
   ]
  },
  {
   "cell_type": "markdown",
   "id": "f6e66000",
   "metadata": {},
   "source": [
    "Vemos las columnas y tipos de datos."
   ]
  },
  {
   "cell_type": "code",
   "execution_count": 4,
   "id": "2086f6ac",
   "metadata": {},
   "outputs": [
    {
     "name": "stdout",
     "output_type": "stream",
     "text": [
      "<class 'pandas.core.frame.DataFrame'>\n",
      "RangeIndex: 10000 entries, 0 to 9999\n",
      "Data columns (total 14 columns):\n",
      " #   Column           Non-Null Count  Dtype  \n",
      "---  ------           --------------  -----  \n",
      " 0   RowNumber        10000 non-null  int64  \n",
      " 1   CustomerId       10000 non-null  int64  \n",
      " 2   Surname          10000 non-null  object \n",
      " 3   CreditScore      10000 non-null  int64  \n",
      " 4   Geography        10000 non-null  object \n",
      " 5   Gender           10000 non-null  object \n",
      " 6   Age              10000 non-null  int64  \n",
      " 7   Tenure           10000 non-null  int64  \n",
      " 8   Balance          10000 non-null  float64\n",
      " 9   NumOfProducts    10000 non-null  int64  \n",
      " 10  HasCrCard        10000 non-null  int64  \n",
      " 11  IsActiveMember   10000 non-null  int64  \n",
      " 12  EstimatedSalary  10000 non-null  float64\n",
      " 13  Exited           10000 non-null  int64  \n",
      "dtypes: float64(2), int64(9), object(3)\n",
      "memory usage: 1.1+ MB\n"
     ]
    }
   ],
   "source": [
    "data.info()"
   ]
  },
  {
   "cell_type": "markdown",
   "id": "e977ad6e",
   "metadata": {},
   "source": [
    "Exploración de los datos"
   ]
  },
  {
   "cell_type": "code",
   "execution_count": 5,
   "id": "e6e35832-17f4-43b3-adcc-5de303725f8d",
   "metadata": {},
   "outputs": [
    {
     "data": {
      "text/html": [
       "<div>\n",
       "<style scoped>\n",
       "    .dataframe tbody tr th:only-of-type {\n",
       "        vertical-align: middle;\n",
       "    }\n",
       "\n",
       "    .dataframe tbody tr th {\n",
       "        vertical-align: top;\n",
       "    }\n",
       "\n",
       "    .dataframe thead th {\n",
       "        text-align: right;\n",
       "    }\n",
       "</style>\n",
       "<table border=\"1\" class=\"dataframe\">\n",
       "  <thead>\n",
       "    <tr style=\"text-align: right;\">\n",
       "      <th></th>\n",
       "      <th>RowNumber</th>\n",
       "      <th>CustomerId</th>\n",
       "      <th>Surname</th>\n",
       "      <th>CreditScore</th>\n",
       "      <th>Geography</th>\n",
       "      <th>Gender</th>\n",
       "      <th>Age</th>\n",
       "      <th>Tenure</th>\n",
       "      <th>Balance</th>\n",
       "      <th>NumOfProducts</th>\n",
       "      <th>HasCrCard</th>\n",
       "      <th>IsActiveMember</th>\n",
       "      <th>EstimatedSalary</th>\n",
       "      <th>Exited</th>\n",
       "    </tr>\n",
       "  </thead>\n",
       "  <tbody>\n",
       "    <tr>\n",
       "      <th>0</th>\n",
       "      <td>1</td>\n",
       "      <td>15634602</td>\n",
       "      <td>Hargrave</td>\n",
       "      <td>619</td>\n",
       "      <td>France</td>\n",
       "      <td>Female</td>\n",
       "      <td>42</td>\n",
       "      <td>2</td>\n",
       "      <td>0.00</td>\n",
       "      <td>1</td>\n",
       "      <td>1</td>\n",
       "      <td>1</td>\n",
       "      <td>101348.88</td>\n",
       "      <td>1</td>\n",
       "    </tr>\n",
       "    <tr>\n",
       "      <th>1</th>\n",
       "      <td>2</td>\n",
       "      <td>15647311</td>\n",
       "      <td>Hill</td>\n",
       "      <td>608</td>\n",
       "      <td>Spain</td>\n",
       "      <td>Female</td>\n",
       "      <td>41</td>\n",
       "      <td>1</td>\n",
       "      <td>83807.86</td>\n",
       "      <td>1</td>\n",
       "      <td>0</td>\n",
       "      <td>1</td>\n",
       "      <td>112542.58</td>\n",
       "      <td>0</td>\n",
       "    </tr>\n",
       "    <tr>\n",
       "      <th>2</th>\n",
       "      <td>3</td>\n",
       "      <td>15619304</td>\n",
       "      <td>Onio</td>\n",
       "      <td>502</td>\n",
       "      <td>France</td>\n",
       "      <td>Female</td>\n",
       "      <td>42</td>\n",
       "      <td>8</td>\n",
       "      <td>159660.80</td>\n",
       "      <td>3</td>\n",
       "      <td>1</td>\n",
       "      <td>0</td>\n",
       "      <td>113931.57</td>\n",
       "      <td>1</td>\n",
       "    </tr>\n",
       "    <tr>\n",
       "      <th>3</th>\n",
       "      <td>4</td>\n",
       "      <td>15701354</td>\n",
       "      <td>Boni</td>\n",
       "      <td>699</td>\n",
       "      <td>France</td>\n",
       "      <td>Female</td>\n",
       "      <td>39</td>\n",
       "      <td>1</td>\n",
       "      <td>0.00</td>\n",
       "      <td>2</td>\n",
       "      <td>0</td>\n",
       "      <td>0</td>\n",
       "      <td>93826.63</td>\n",
       "      <td>0</td>\n",
       "    </tr>\n",
       "    <tr>\n",
       "      <th>4</th>\n",
       "      <td>5</td>\n",
       "      <td>15737888</td>\n",
       "      <td>Mitchell</td>\n",
       "      <td>850</td>\n",
       "      <td>Spain</td>\n",
       "      <td>Female</td>\n",
       "      <td>43</td>\n",
       "      <td>2</td>\n",
       "      <td>125510.82</td>\n",
       "      <td>1</td>\n",
       "      <td>1</td>\n",
       "      <td>1</td>\n",
       "      <td>79084.10</td>\n",
       "      <td>0</td>\n",
       "    </tr>\n",
       "  </tbody>\n",
       "</table>\n",
       "</div>"
      ],
      "text/plain": [
       "   RowNumber  CustomerId   Surname  CreditScore Geography  Gender  Age  \\\n",
       "0          1    15634602  Hargrave          619    France  Female   42   \n",
       "1          2    15647311      Hill          608     Spain  Female   41   \n",
       "2          3    15619304      Onio          502    France  Female   42   \n",
       "3          4    15701354      Boni          699    France  Female   39   \n",
       "4          5    15737888  Mitchell          850     Spain  Female   43   \n",
       "\n",
       "   Tenure    Balance  NumOfProducts  HasCrCard  IsActiveMember  \\\n",
       "0       2       0.00              1          1               1   \n",
       "1       1   83807.86              1          0               1   \n",
       "2       8  159660.80              3          1               0   \n",
       "3       1       0.00              2          0               0   \n",
       "4       2  125510.82              1          1               1   \n",
       "\n",
       "   EstimatedSalary  Exited  \n",
       "0        101348.88       1  \n",
       "1        112542.58       0  \n",
       "2        113931.57       1  \n",
       "3         93826.63       0  \n",
       "4         79084.10       0  "
      ]
     },
     "execution_count": 5,
     "metadata": {},
     "output_type": "execute_result"
    }
   ],
   "source": [
    "data.head(5)"
   ]
  },
  {
   "cell_type": "code",
   "execution_count": 6,
   "id": "3da27622-b70d-45bb-9efb-bd94bd4fb0a7",
   "metadata": {},
   "outputs": [],
   "source": [
    "# Nos deshacemos de las columnas que no contribuyen en mucho\n",
    "data_filtered: pd.DataFrame = data.drop(data.columns[0:3], axis=1)"
   ]
  },
  {
   "cell_type": "markdown",
   "id": "2258cd0a",
   "metadata": {},
   "source": [
    "No tenemos nulos."
   ]
  },
  {
   "cell_type": "code",
   "execution_count": 7,
   "id": "0e2c70a6",
   "metadata": {},
   "outputs": [
    {
     "data": {
      "text/plain": [
       "CreditScore        0\n",
       "Geography          0\n",
       "Gender             0\n",
       "Age                0\n",
       "Tenure             0\n",
       "Balance            0\n",
       "NumOfProducts      0\n",
       "HasCrCard          0\n",
       "IsActiveMember     0\n",
       "EstimatedSalary    0\n",
       "Exited             0\n",
       "dtype: int64"
      ]
     },
     "execution_count": 7,
     "metadata": {},
     "output_type": "execute_result"
    }
   ],
   "source": [
    "data_filtered.isna().sum()"
   ]
  },
  {
   "cell_type": "markdown",
   "id": "3d48b5c5",
   "metadata": {},
   "source": [
    "## Escalado"
   ]
  },
  {
   "cell_type": "code",
   "execution_count": 8,
   "id": "853cbbfb",
   "metadata": {},
   "outputs": [],
   "source": [
    "scaler: StandardScaler = StandardScaler()"
   ]
  },
  {
   "cell_type": "code",
   "execution_count": 9,
   "id": "a7138603",
   "metadata": {},
   "outputs": [],
   "source": [
    "# elijo las columnas a escalar.\n",
    "numeric_cols: list[str] = ['CreditScore', 'Age', 'Tenure', 'Balance', 'NumOfProducts', 'EstimatedSalary']"
   ]
  },
  {
   "cell_type": "code",
   "execution_count": 10,
   "id": "4a7afc83",
   "metadata": {},
   "outputs": [],
   "source": [
    "data_std: pd.DataFrame = pd.DataFrame(scaler.fit_transform(data_filtered[numeric_cols]), columns=numeric_cols)"
   ]
  },
  {
   "cell_type": "code",
   "execution_count": 11,
   "id": "2ac07ecb",
   "metadata": {},
   "outputs": [
    {
     "data": {
      "text/html": [
       "<div>\n",
       "<style scoped>\n",
       "    .dataframe tbody tr th:only-of-type {\n",
       "        vertical-align: middle;\n",
       "    }\n",
       "\n",
       "    .dataframe tbody tr th {\n",
       "        vertical-align: top;\n",
       "    }\n",
       "\n",
       "    .dataframe thead th {\n",
       "        text-align: right;\n",
       "    }\n",
       "</style>\n",
       "<table border=\"1\" class=\"dataframe\">\n",
       "  <thead>\n",
       "    <tr style=\"text-align: right;\">\n",
       "      <th></th>\n",
       "      <th>CreditScore</th>\n",
       "      <th>Age</th>\n",
       "      <th>Tenure</th>\n",
       "      <th>Balance</th>\n",
       "      <th>NumOfProducts</th>\n",
       "      <th>EstimatedSalary</th>\n",
       "    </tr>\n",
       "  </thead>\n",
       "  <tbody>\n",
       "    <tr>\n",
       "      <th>0</th>\n",
       "      <td>-0.326221</td>\n",
       "      <td>0.293517</td>\n",
       "      <td>-1.041760</td>\n",
       "      <td>-1.225848</td>\n",
       "      <td>-0.911583</td>\n",
       "      <td>0.021886</td>\n",
       "    </tr>\n",
       "    <tr>\n",
       "      <th>1</th>\n",
       "      <td>-0.440036</td>\n",
       "      <td>0.198164</td>\n",
       "      <td>-1.387538</td>\n",
       "      <td>0.117350</td>\n",
       "      <td>-0.911583</td>\n",
       "      <td>0.216534</td>\n",
       "    </tr>\n",
       "    <tr>\n",
       "      <th>2</th>\n",
       "      <td>-1.536794</td>\n",
       "      <td>0.293517</td>\n",
       "      <td>1.032908</td>\n",
       "      <td>1.333053</td>\n",
       "      <td>2.527057</td>\n",
       "      <td>0.240687</td>\n",
       "    </tr>\n",
       "    <tr>\n",
       "      <th>3</th>\n",
       "      <td>0.501521</td>\n",
       "      <td>0.007457</td>\n",
       "      <td>-1.387538</td>\n",
       "      <td>-1.225848</td>\n",
       "      <td>0.807737</td>\n",
       "      <td>-0.108918</td>\n",
       "    </tr>\n",
       "    <tr>\n",
       "      <th>4</th>\n",
       "      <td>2.063884</td>\n",
       "      <td>0.388871</td>\n",
       "      <td>-1.041760</td>\n",
       "      <td>0.785728</td>\n",
       "      <td>-0.911583</td>\n",
       "      <td>-0.365276</td>\n",
       "    </tr>\n",
       "    <tr>\n",
       "      <th>...</th>\n",
       "      <td>...</td>\n",
       "      <td>...</td>\n",
       "      <td>...</td>\n",
       "      <td>...</td>\n",
       "      <td>...</td>\n",
       "      <td>...</td>\n",
       "    </tr>\n",
       "    <tr>\n",
       "      <th>9995</th>\n",
       "      <td>1.246488</td>\n",
       "      <td>0.007457</td>\n",
       "      <td>-0.004426</td>\n",
       "      <td>-1.225848</td>\n",
       "      <td>0.807737</td>\n",
       "      <td>-0.066419</td>\n",
       "    </tr>\n",
       "    <tr>\n",
       "      <th>9996</th>\n",
       "      <td>-1.391939</td>\n",
       "      <td>-0.373958</td>\n",
       "      <td>1.724464</td>\n",
       "      <td>-0.306379</td>\n",
       "      <td>-0.911583</td>\n",
       "      <td>0.027988</td>\n",
       "    </tr>\n",
       "    <tr>\n",
       "      <th>9997</th>\n",
       "      <td>0.604988</td>\n",
       "      <td>-0.278604</td>\n",
       "      <td>0.687130</td>\n",
       "      <td>-1.225848</td>\n",
       "      <td>-0.911583</td>\n",
       "      <td>-1.008643</td>\n",
       "    </tr>\n",
       "    <tr>\n",
       "      <th>9998</th>\n",
       "      <td>1.256835</td>\n",
       "      <td>0.293517</td>\n",
       "      <td>-0.695982</td>\n",
       "      <td>-0.022608</td>\n",
       "      <td>0.807737</td>\n",
       "      <td>-0.125231</td>\n",
       "    </tr>\n",
       "    <tr>\n",
       "      <th>9999</th>\n",
       "      <td>1.463771</td>\n",
       "      <td>-1.041433</td>\n",
       "      <td>-0.350204</td>\n",
       "      <td>0.859965</td>\n",
       "      <td>-0.911583</td>\n",
       "      <td>-1.076370</td>\n",
       "    </tr>\n",
       "  </tbody>\n",
       "</table>\n",
       "<p>10000 rows × 6 columns</p>\n",
       "</div>"
      ],
      "text/plain": [
       "      CreditScore       Age    Tenure   Balance  NumOfProducts  \\\n",
       "0       -0.326221  0.293517 -1.041760 -1.225848      -0.911583   \n",
       "1       -0.440036  0.198164 -1.387538  0.117350      -0.911583   \n",
       "2       -1.536794  0.293517  1.032908  1.333053       2.527057   \n",
       "3        0.501521  0.007457 -1.387538 -1.225848       0.807737   \n",
       "4        2.063884  0.388871 -1.041760  0.785728      -0.911583   \n",
       "...           ...       ...       ...       ...            ...   \n",
       "9995     1.246488  0.007457 -0.004426 -1.225848       0.807737   \n",
       "9996    -1.391939 -0.373958  1.724464 -0.306379      -0.911583   \n",
       "9997     0.604988 -0.278604  0.687130 -1.225848      -0.911583   \n",
       "9998     1.256835  0.293517 -0.695982 -0.022608       0.807737   \n",
       "9999     1.463771 -1.041433 -0.350204  0.859965      -0.911583   \n",
       "\n",
       "      EstimatedSalary  \n",
       "0            0.021886  \n",
       "1            0.216534  \n",
       "2            0.240687  \n",
       "3           -0.108918  \n",
       "4           -0.365276  \n",
       "...               ...  \n",
       "9995        -0.066419  \n",
       "9996         0.027988  \n",
       "9997        -1.008643  \n",
       "9998        -0.125231  \n",
       "9999        -1.076370  \n",
       "\n",
       "[10000 rows x 6 columns]"
      ]
     },
     "execution_count": 11,
     "metadata": {},
     "output_type": "execute_result"
    }
   ],
   "source": [
    "data_std"
   ]
  },
  {
   "cell_type": "markdown",
   "id": "a5400b3f",
   "metadata": {},
   "source": [
    "Obtengo variables dummy de las categóricas."
   ]
  },
  {
   "cell_type": "code",
   "execution_count": 12,
   "id": "b9698617",
   "metadata": {},
   "outputs": [],
   "source": [
    "data_dummies: pd.DataFrame = pd.get_dummies(data_filtered[['Geography','Gender']], \n",
    "                                            dtype=int)"
   ]
  },
  {
   "cell_type": "code",
   "execution_count": 13,
   "id": "2e0e8a2a",
   "metadata": {},
   "outputs": [
    {
     "data": {
      "text/html": [
       "<div>\n",
       "<style scoped>\n",
       "    .dataframe tbody tr th:only-of-type {\n",
       "        vertical-align: middle;\n",
       "    }\n",
       "\n",
       "    .dataframe tbody tr th {\n",
       "        vertical-align: top;\n",
       "    }\n",
       "\n",
       "    .dataframe thead th {\n",
       "        text-align: right;\n",
       "    }\n",
       "</style>\n",
       "<table border=\"1\" class=\"dataframe\">\n",
       "  <thead>\n",
       "    <tr style=\"text-align: right;\">\n",
       "      <th></th>\n",
       "      <th>Geography_France</th>\n",
       "      <th>Geography_Germany</th>\n",
       "      <th>Geography_Spain</th>\n",
       "      <th>Gender_Female</th>\n",
       "      <th>Gender_Male</th>\n",
       "    </tr>\n",
       "  </thead>\n",
       "  <tbody>\n",
       "    <tr>\n",
       "      <th>2774</th>\n",
       "      <td>1</td>\n",
       "      <td>0</td>\n",
       "      <td>0</td>\n",
       "      <td>1</td>\n",
       "      <td>0</td>\n",
       "    </tr>\n",
       "    <tr>\n",
       "      <th>7670</th>\n",
       "      <td>1</td>\n",
       "      <td>0</td>\n",
       "      <td>0</td>\n",
       "      <td>1</td>\n",
       "      <td>0</td>\n",
       "    </tr>\n",
       "    <tr>\n",
       "      <th>493</th>\n",
       "      <td>1</td>\n",
       "      <td>0</td>\n",
       "      <td>0</td>\n",
       "      <td>1</td>\n",
       "      <td>0</td>\n",
       "    </tr>\n",
       "    <tr>\n",
       "      <th>8426</th>\n",
       "      <td>1</td>\n",
       "      <td>0</td>\n",
       "      <td>0</td>\n",
       "      <td>0</td>\n",
       "      <td>1</td>\n",
       "    </tr>\n",
       "    <tr>\n",
       "      <th>7102</th>\n",
       "      <td>1</td>\n",
       "      <td>0</td>\n",
       "      <td>0</td>\n",
       "      <td>0</td>\n",
       "      <td>1</td>\n",
       "    </tr>\n",
       "  </tbody>\n",
       "</table>\n",
       "</div>"
      ],
      "text/plain": [
       "      Geography_France  Geography_Germany  Geography_Spain  Gender_Female  \\\n",
       "2774                 1                  0                0              1   \n",
       "7670                 1                  0                0              1   \n",
       "493                  1                  0                0              1   \n",
       "8426                 1                  0                0              0   \n",
       "7102                 1                  0                0              0   \n",
       "\n",
       "      Gender_Male  \n",
       "2774            0  \n",
       "7670            0  \n",
       "493             0  \n",
       "8426            1  \n",
       "7102            1  "
      ]
     },
     "execution_count": 13,
     "metadata": {},
     "output_type": "execute_result"
    }
   ],
   "source": [
    "data_dummies.sample(5)"
   ]
  },
  {
   "cell_type": "markdown",
   "id": "281a1e54",
   "metadata": {},
   "source": [
    "Unifico df con los estandarizados y las dummies."
   ]
  },
  {
   "cell_type": "code",
   "execution_count": 14,
   "id": "29d46279",
   "metadata": {},
   "outputs": [
    {
     "data": {
      "text/plain": [
       "Index(['CreditScore', 'Age', 'Tenure', 'Balance', 'NumOfProducts',\n",
       "       'EstimatedSalary', 'Geography_France', 'Geography_Germany',\n",
       "       'Geography_Spain', 'Gender_Female', 'Gender_Male'],\n",
       "      dtype='object')"
      ]
     },
     "execution_count": 14,
     "metadata": {},
     "output_type": "execute_result"
    }
   ],
   "source": [
    "data_final: pd.DataFrame = pd.concat([data_std, data_dummies], axis=1)\n",
    "data_final.columns"
   ]
  },
  {
   "cell_type": "markdown",
   "id": "0806041e",
   "metadata": {},
   "source": [
    "Unifico df con las columnas que son binarias, las cuales no fueron estandarizadas ni trabajadas como categoricas."
   ]
  },
  {
   "cell_type": "code",
   "execution_count": 15,
   "id": "ad376535",
   "metadata": {},
   "outputs": [],
   "source": [
    "data_final = pd.concat([data_filtered[['HasCrCard', 'IsActiveMember','Exited']], data_final], axis=1) "
   ]
  },
  {
   "cell_type": "code",
   "execution_count": 16,
   "id": "6883cc93",
   "metadata": {},
   "outputs": [
    {
     "data": {
      "text/html": [
       "<div>\n",
       "<style scoped>\n",
       "    .dataframe tbody tr th:only-of-type {\n",
       "        vertical-align: middle;\n",
       "    }\n",
       "\n",
       "    .dataframe tbody tr th {\n",
       "        vertical-align: top;\n",
       "    }\n",
       "\n",
       "    .dataframe thead th {\n",
       "        text-align: right;\n",
       "    }\n",
       "</style>\n",
       "<table border=\"1\" class=\"dataframe\">\n",
       "  <thead>\n",
       "    <tr style=\"text-align: right;\">\n",
       "      <th></th>\n",
       "      <th>HasCrCard</th>\n",
       "      <th>IsActiveMember</th>\n",
       "      <th>Exited</th>\n",
       "      <th>CreditScore</th>\n",
       "      <th>Age</th>\n",
       "      <th>Tenure</th>\n",
       "      <th>Balance</th>\n",
       "      <th>NumOfProducts</th>\n",
       "      <th>EstimatedSalary</th>\n",
       "      <th>Geography_France</th>\n",
       "      <th>Geography_Germany</th>\n",
       "      <th>Geography_Spain</th>\n",
       "      <th>Gender_Female</th>\n",
       "      <th>Gender_Male</th>\n",
       "    </tr>\n",
       "  </thead>\n",
       "  <tbody>\n",
       "    <tr>\n",
       "      <th>0</th>\n",
       "      <td>1</td>\n",
       "      <td>1</td>\n",
       "      <td>1</td>\n",
       "      <td>-0.326221</td>\n",
       "      <td>0.293517</td>\n",
       "      <td>-1.041760</td>\n",
       "      <td>-1.225848</td>\n",
       "      <td>-0.911583</td>\n",
       "      <td>0.021886</td>\n",
       "      <td>1</td>\n",
       "      <td>0</td>\n",
       "      <td>0</td>\n",
       "      <td>1</td>\n",
       "      <td>0</td>\n",
       "    </tr>\n",
       "    <tr>\n",
       "      <th>1</th>\n",
       "      <td>0</td>\n",
       "      <td>1</td>\n",
       "      <td>0</td>\n",
       "      <td>-0.440036</td>\n",
       "      <td>0.198164</td>\n",
       "      <td>-1.387538</td>\n",
       "      <td>0.117350</td>\n",
       "      <td>-0.911583</td>\n",
       "      <td>0.216534</td>\n",
       "      <td>0</td>\n",
       "      <td>0</td>\n",
       "      <td>1</td>\n",
       "      <td>1</td>\n",
       "      <td>0</td>\n",
       "    </tr>\n",
       "    <tr>\n",
       "      <th>2</th>\n",
       "      <td>1</td>\n",
       "      <td>0</td>\n",
       "      <td>1</td>\n",
       "      <td>-1.536794</td>\n",
       "      <td>0.293517</td>\n",
       "      <td>1.032908</td>\n",
       "      <td>1.333053</td>\n",
       "      <td>2.527057</td>\n",
       "      <td>0.240687</td>\n",
       "      <td>1</td>\n",
       "      <td>0</td>\n",
       "      <td>0</td>\n",
       "      <td>1</td>\n",
       "      <td>0</td>\n",
       "    </tr>\n",
       "    <tr>\n",
       "      <th>3</th>\n",
       "      <td>0</td>\n",
       "      <td>0</td>\n",
       "      <td>0</td>\n",
       "      <td>0.501521</td>\n",
       "      <td>0.007457</td>\n",
       "      <td>-1.387538</td>\n",
       "      <td>-1.225848</td>\n",
       "      <td>0.807737</td>\n",
       "      <td>-0.108918</td>\n",
       "      <td>1</td>\n",
       "      <td>0</td>\n",
       "      <td>0</td>\n",
       "      <td>1</td>\n",
       "      <td>0</td>\n",
       "    </tr>\n",
       "    <tr>\n",
       "      <th>4</th>\n",
       "      <td>1</td>\n",
       "      <td>1</td>\n",
       "      <td>0</td>\n",
       "      <td>2.063884</td>\n",
       "      <td>0.388871</td>\n",
       "      <td>-1.041760</td>\n",
       "      <td>0.785728</td>\n",
       "      <td>-0.911583</td>\n",
       "      <td>-0.365276</td>\n",
       "      <td>0</td>\n",
       "      <td>0</td>\n",
       "      <td>1</td>\n",
       "      <td>1</td>\n",
       "      <td>0</td>\n",
       "    </tr>\n",
       "    <tr>\n",
       "      <th>...</th>\n",
       "      <td>...</td>\n",
       "      <td>...</td>\n",
       "      <td>...</td>\n",
       "      <td>...</td>\n",
       "      <td>...</td>\n",
       "      <td>...</td>\n",
       "      <td>...</td>\n",
       "      <td>...</td>\n",
       "      <td>...</td>\n",
       "      <td>...</td>\n",
       "      <td>...</td>\n",
       "      <td>...</td>\n",
       "      <td>...</td>\n",
       "      <td>...</td>\n",
       "    </tr>\n",
       "    <tr>\n",
       "      <th>9995</th>\n",
       "      <td>1</td>\n",
       "      <td>0</td>\n",
       "      <td>0</td>\n",
       "      <td>1.246488</td>\n",
       "      <td>0.007457</td>\n",
       "      <td>-0.004426</td>\n",
       "      <td>-1.225848</td>\n",
       "      <td>0.807737</td>\n",
       "      <td>-0.066419</td>\n",
       "      <td>1</td>\n",
       "      <td>0</td>\n",
       "      <td>0</td>\n",
       "      <td>0</td>\n",
       "      <td>1</td>\n",
       "    </tr>\n",
       "    <tr>\n",
       "      <th>9996</th>\n",
       "      <td>1</td>\n",
       "      <td>1</td>\n",
       "      <td>0</td>\n",
       "      <td>-1.391939</td>\n",
       "      <td>-0.373958</td>\n",
       "      <td>1.724464</td>\n",
       "      <td>-0.306379</td>\n",
       "      <td>-0.911583</td>\n",
       "      <td>0.027988</td>\n",
       "      <td>1</td>\n",
       "      <td>0</td>\n",
       "      <td>0</td>\n",
       "      <td>0</td>\n",
       "      <td>1</td>\n",
       "    </tr>\n",
       "    <tr>\n",
       "      <th>9997</th>\n",
       "      <td>0</td>\n",
       "      <td>1</td>\n",
       "      <td>1</td>\n",
       "      <td>0.604988</td>\n",
       "      <td>-0.278604</td>\n",
       "      <td>0.687130</td>\n",
       "      <td>-1.225848</td>\n",
       "      <td>-0.911583</td>\n",
       "      <td>-1.008643</td>\n",
       "      <td>1</td>\n",
       "      <td>0</td>\n",
       "      <td>0</td>\n",
       "      <td>1</td>\n",
       "      <td>0</td>\n",
       "    </tr>\n",
       "    <tr>\n",
       "      <th>9998</th>\n",
       "      <td>1</td>\n",
       "      <td>0</td>\n",
       "      <td>1</td>\n",
       "      <td>1.256835</td>\n",
       "      <td>0.293517</td>\n",
       "      <td>-0.695982</td>\n",
       "      <td>-0.022608</td>\n",
       "      <td>0.807737</td>\n",
       "      <td>-0.125231</td>\n",
       "      <td>0</td>\n",
       "      <td>1</td>\n",
       "      <td>0</td>\n",
       "      <td>0</td>\n",
       "      <td>1</td>\n",
       "    </tr>\n",
       "    <tr>\n",
       "      <th>9999</th>\n",
       "      <td>1</td>\n",
       "      <td>0</td>\n",
       "      <td>0</td>\n",
       "      <td>1.463771</td>\n",
       "      <td>-1.041433</td>\n",
       "      <td>-0.350204</td>\n",
       "      <td>0.859965</td>\n",
       "      <td>-0.911583</td>\n",
       "      <td>-1.076370</td>\n",
       "      <td>1</td>\n",
       "      <td>0</td>\n",
       "      <td>0</td>\n",
       "      <td>1</td>\n",
       "      <td>0</td>\n",
       "    </tr>\n",
       "  </tbody>\n",
       "</table>\n",
       "<p>10000 rows × 14 columns</p>\n",
       "</div>"
      ],
      "text/plain": [
       "      HasCrCard  IsActiveMember  Exited  CreditScore       Age    Tenure  \\\n",
       "0             1               1       1    -0.326221  0.293517 -1.041760   \n",
       "1             0               1       0    -0.440036  0.198164 -1.387538   \n",
       "2             1               0       1    -1.536794  0.293517  1.032908   \n",
       "3             0               0       0     0.501521  0.007457 -1.387538   \n",
       "4             1               1       0     2.063884  0.388871 -1.041760   \n",
       "...         ...             ...     ...          ...       ...       ...   \n",
       "9995          1               0       0     1.246488  0.007457 -0.004426   \n",
       "9996          1               1       0    -1.391939 -0.373958  1.724464   \n",
       "9997          0               1       1     0.604988 -0.278604  0.687130   \n",
       "9998          1               0       1     1.256835  0.293517 -0.695982   \n",
       "9999          1               0       0     1.463771 -1.041433 -0.350204   \n",
       "\n",
       "       Balance  NumOfProducts  EstimatedSalary  Geography_France  \\\n",
       "0    -1.225848      -0.911583         0.021886                 1   \n",
       "1     0.117350      -0.911583         0.216534                 0   \n",
       "2     1.333053       2.527057         0.240687                 1   \n",
       "3    -1.225848       0.807737        -0.108918                 1   \n",
       "4     0.785728      -0.911583        -0.365276                 0   \n",
       "...        ...            ...              ...               ...   \n",
       "9995 -1.225848       0.807737        -0.066419                 1   \n",
       "9996 -0.306379      -0.911583         0.027988                 1   \n",
       "9997 -1.225848      -0.911583        -1.008643                 1   \n",
       "9998 -0.022608       0.807737        -0.125231                 0   \n",
       "9999  0.859965      -0.911583        -1.076370                 1   \n",
       "\n",
       "      Geography_Germany  Geography_Spain  Gender_Female  Gender_Male  \n",
       "0                     0                0              1            0  \n",
       "1                     0                1              1            0  \n",
       "2                     0                0              1            0  \n",
       "3                     0                0              1            0  \n",
       "4                     0                1              1            0  \n",
       "...                 ...              ...            ...          ...  \n",
       "9995                  0                0              0            1  \n",
       "9996                  0                0              0            1  \n",
       "9997                  0                0              1            0  \n",
       "9998                  1                0              0            1  \n",
       "9999                  0                0              1            0  \n",
       "\n",
       "[10000 rows x 14 columns]"
      ]
     },
     "execution_count": 16,
     "metadata": {},
     "output_type": "execute_result"
    }
   ],
   "source": [
    "data_final"
   ]
  },
  {
   "cell_type": "code",
   "execution_count": 17,
   "id": "fbb85ac8",
   "metadata": {},
   "outputs": [
    {
     "data": {
      "application/vnd.plotly.v1+json": {
       "config": {
        "plotlyServerURL": "https://plot.ly"
       },
       "data": [
        {
         "coloraxis": "coloraxis",
         "hovertemplate": "x: %{x}<br>y: %{y}<br>color: %{z}<extra></extra>",
         "name": "0",
         "texttemplate": "%{z}",
         "type": "heatmap",
         "x": [
          "HasCrCard",
          "IsActiveMember",
          "Exited",
          "CreditScore",
          "Age",
          "Tenure",
          "Balance",
          "NumOfProducts",
          "EstimatedSalary",
          "Geography_France",
          "Geography_Germany",
          "Geography_Spain",
          "Gender_Female",
          "Gender_Male"
         ],
         "xaxis": "x",
         "y": [
          "HasCrCard",
          "IsActiveMember",
          "Exited",
          "CreditScore",
          "Age",
          "Tenure",
          "Balance",
          "NumOfProducts",
          "EstimatedSalary",
          "Geography_France",
          "Geography_Germany",
          "Geography_Spain",
          "Gender_Female",
          "Gender_Male"
         ],
         "yaxis": "y",
         "z": [
          [
           1,
           -0.011865636878457913,
           -0.007137765603039006,
           -0.005458482094623404,
           -0.011721029001738742,
           0.022582867284984123,
           -0.01485834494459872,
           0.0031831459930522377,
           -0.009933414652547821,
           0.002467224238617993,
           0.010576580713803529,
           -0.013479728330052097,
           -0.005766124371501151,
           0.005766124371501144
          ],
          [
           -0.011865636878457913,
           1,
           -0.15612827818890554,
           0.025651323283148664,
           0.08547214540357671,
           -0.028362077771628386,
           -0.010084100438351666,
           0.009611875911327982,
           -0.0114214304849567,
           0.0033169659444571035,
           -0.020485800270395746,
           0.0167318636818743,
           -0.022544324652307962,
           0.022544324652307955
          ],
          [
           -0.007137765603039006,
           -0.15612827818890554,
           1,
           -0.02709353975465792,
           0.28532303783506746,
           -0.014000612253444563,
           0.11853276877163378,
           -0.04781986494944061,
           0.012096861026844723,
           -0.10495515555438105,
           0.17348787015297085,
           -0.05266676206212404,
           0.10651248767347476,
           -0.10651248767347467
          ],
          [
           -0.005458482094623404,
           0.025651323283148664,
           -0.02709353975465792,
           1,
           -0.0039649055253900955,
           0.0008419418186460194,
           0.006268381616008729,
           0.012237879283268093,
           -0.0013842928679845194,
           -0.008928067445530836,
           0.005537552606602559,
           0.004779770274798438,
           0.0028566201204472523,
           -0.0028566201204472575
          ],
          [
           -0.011721029001738742,
           0.08547214540357671,
           0.28532303783506746,
           -0.0039649055253900955,
           1,
           -0.009996825590774134,
           0.02830836832749165,
           -0.03068008796150856,
           -0.0072010423766573324,
           -0.03920774228694659,
           0.04689705116398521,
           -0.0016853693311733575,
           0.02754399265388863,
           -0.02754399265388866
          ],
          [
           0.022582867284984123,
           -0.028362077771628386,
           -0.014000612253444563,
           0.0008419418186460194,
           -0.009996825590774134,
           1,
           -0.012253926175215356,
           0.013443755460747157,
           0.0077838254558105415,
           -0.002847782683693447,
           -0.0005674977245539127,
           0.0038684365881730296,
           -0.014733053002925689,
           0.01473305300292565
          ],
          [
           -0.01485834494459872,
           -0.010084100438351666,
           0.11853276877163378,
           0.006268381616008729,
           0.02830836832749165,
           -0.012253926175215356,
           1,
           -0.3041797383605488,
           0.012797496340555655,
           -0.2313290456182608,
           0.4011102451620938,
           -0.13489191074131787,
           -0.012086568634240371,
           0.012086568634240246
          ],
          [
           0.0031831459930522377,
           0.009611875911327982,
           -0.04781986494944061,
           0.012237879283268093,
           -0.03068008796150856,
           0.013443755460747157,
           -0.3041797383605488,
           1,
           0.014204195129094587,
           0.0012300751632396277,
           -0.01041900699364709,
           0.009039007105901265,
           0.021858567612308484,
           -0.021858567612308515
          ],
          [
           -0.009933414652547821,
           -0.0114214304849567,
           0.012096861026844723,
           -0.0013842928679845194,
           -0.0072010423766573324,
           0.0077838254558105415,
           0.012797496340555655,
           0.014204195129094587,
           1,
           -0.003331641841166554,
           0.010297067546982726,
           -0.006482362407729691,
           0.008112338913543009,
           -0.008112338913542958
          ],
          [
           0.002467224238617993,
           0.0033169659444571035,
           -0.10495515555438105,
           -0.008928067445530836,
           -0.03920774228694659,
           -0.002847782683693447,
           -0.2313290456182608,
           0.0012300751632396277,
           -0.003331641841166554,
           1,
           -0.5803586473920972,
           -0.5754180754084717,
           -0.006772454170695445,
           0.00677245417069545
          ],
          [
           0.010576580713803529,
           -0.020485800270395746,
           0.17348787015297085,
           0.005537552606602559,
           0.04689705116398521,
           -0.0005674977245539127,
           0.4011102451620938,
           -0.01041900699364709,
           0.010297067546982726,
           -0.5803586473920972,
           1,
           -0.3320839640331286,
           0.024627879392114634,
           -0.024627879392114648
          ],
          [
           -0.013479728330052097,
           0.0167318636818743,
           -0.05266676206212404,
           0.004779770274798438,
           -0.0016853693311733575,
           0.0038684365881730296,
           -0.13489191074131787,
           0.009039007105901265,
           -0.006482362407729691,
           -0.5754180754084717,
           -0.3320839640331286,
           1,
           -0.016889348835205154,
           0.016889348835205178
          ],
          [
           -0.005766124371501151,
           -0.022544324652307962,
           0.10651248767347476,
           0.0028566201204472523,
           0.02754399265388863,
           -0.014733053002925689,
           -0.012086568634240371,
           0.021858567612308484,
           0.008112338913543009,
           -0.006772454170695445,
           0.024627879392114634,
           -0.016889348835205154,
           1,
           -0.9999999999999997
          ],
          [
           0.005766124371501144,
           0.022544324652307955,
           -0.10651248767347467,
           -0.0028566201204472575,
           -0.02754399265388866,
           0.01473305300292565,
           0.012086568634240246,
           -0.021858567612308515,
           -0.008112338913542958,
           0.00677245417069545,
           -0.024627879392114648,
           0.016889348835205178,
           -0.9999999999999997,
           1
          ]
         ]
        }
       ],
       "layout": {
        "coloraxis": {
         "cmax": 1,
         "cmin": -1,
         "colorscale": [
          [
           0,
           "#0d0887"
          ],
          [
           0.1111111111111111,
           "#46039f"
          ],
          [
           0.2222222222222222,
           "#7201a8"
          ],
          [
           0.3333333333333333,
           "#9c179e"
          ],
          [
           0.4444444444444444,
           "#bd3786"
          ],
          [
           0.5555555555555556,
